# t alphaD area se kMix epsMix kC kD epsC epsD ReLambdaC ReLambdaD uAvgCx uAvgCy uAvgCz uAvgDx uAvgDy uAvgDz
5.3000000000009999e+00 6.5878768704245777e-02 2.0723483884984580e+02 2.8562570687709107e-02 9.4095617666442122e-01 3.4858993481463862e-01 1.0000557256297056e+00 1.0290429864465855e+00 3.4413437435159444e-01 4.1176709655786292e-01 1.0017963004634122e+02 9.4238192415625512e+00 2.3748297614666621e-02 1.1223110593354048e-02 -2.3216143269422236e-02 -3.2401171993076433e-02 -1.6939359343896832e-01 -1.4270315167481132e-01
5.3100000000009766e+00 6.5878595174870949e-02 2.0741960273570837e+02 2.8588036152781365e-02 9.4094605238540130e-01 3.4834310518694200e-01 1.0000472872414001e+00 1.0287088100339474e+00 3.4393283002485014e-01 4.1087832499793642e-01 1.0020813277851705e+02 9.4309424300537010e+00 2.3745816882129404e-02 1.1226684074098462e-02 -2.3237241437293017e-02 -3.2296687851953894e-02 -1.6801645059722181e-01 -1.4175325011004825e-01
5.3200000000009533e+00 6.5878420349732805e-02 2.0747976978177024e+02 2.8596328800464307e-02 9.4093414213438720e-01 3.4830699053598618e-01 1.0000375508200539e+00 1.0282522238839813e+00 3.4385607499780685e-01 4.1141864730254335e-01 1.0021834057616050e+02 9.4205643791924274e+00 2.3744450676688775e-02 1.1230881693726380e-02 -2.3262143942924463e-02 -3.2168104278835589e-02 -1.6665833715914510e-01 -1.4068002156369269e-01
5.3300000000009300e+00 6.5878248160235089e-02 2.0752098678709203e+02 2.8602009619551352e-02 9.4092902418901159e-01 3.4822844585576812e-01 1.0000349674266067e+00 1.0276431602006151e+00 3.4376080886539928e-01 4.1157738133287824e-01 1.0023196739518815e+02 9.4131685802438554e+00 2.3750330317651565e-02 1.1227742444995059e-02 -2.3294271703147563e-02 -3.2110714625994248e-02 -1.6521568919530891e-01 -1.3944066911982697e-01
5.3400000000009067e+00 6.5878070207521788e-02 2.0752555969854552e+02 2.8602639890539398e-02 9.4091712127819138e-01 3.4813459802665292e-01 1.0000266938091751e+00 1.0270659754903011e+00 3.4365396128451109e-01 4.1166804742955238e-01 1.0024671867414474e+02 9.4068455356243668e+00 2.3761955979615421e-02 1.1224239160586366e-02 -2.3330531810596966e-02 -3.2119254965566495e-02 -1.6376570054755699e-01 -1.3810575918411583e-01
5.3500000000008834e+00 6.5877893067639831e-02 2.0753398037718677e+02 2.8603800488005846e-02 9.4090884402772967e-01 3.4802349194595616e-01 1.0000189024345498e+00 1.0264495569913352e+00 3.4353657061927795e-01 4.1164623712140080e-01 1.0026306380633953e+02 9.4014488388616630e+00 2.3779035038800831e-02 1.1223170285318154e-02 -2.3362653462265879e-02 -3.2188943333280456e-02 -1.6234342219360376e-01 -1.3679030418500199e-01
5.3600000000008601e+00 6.5877716819494211e-02 2.0756265840547849e+02 2.8607753096625190e-02 9.4090233442870075e-01 3.4790770774551161e-01 1.0000213986619975e+00 1.0257246999249745e+00 3.4342189756962394e-01 4.1151487942264847e-01 1.0028005229783841e+02 9.3963090501580115e+00 2.3793531035665422e-02 1.1228066373691828e-02 -2.3395652874874832e-02 -3.2201335072873323e-02 -1.6101190654132858e-01 -1.3541636088542514e-01
5.3700000000008368e+00 6.5877541083508365e-02 2.0760663342229003e+02 2.8613814044355524e-02 9.4090627488121059e-01 3.4779592022719863e-01 1.0000339780737577e+00 1.0247477286079882e+00 3.4330557436318521e-01 4.1146758815697465e-01 1.0029830159772963e+02 9.3878987978658444e+00 2.3806355589711052e-02 1.1227457310925507e-02 -2.3425387806156328e-02 -3.2186745758572596e-02 -1.5961922708181558e-01 -1.3405947633824467e-01
5.3800000000008135e+00 6.5877364854222104e-02 2.0764999327402114e+02 2.8619790205685114e-02 9.4090876984275340e-01 3.4771062232022665e-01 1.0000451028344060e+00 1.0236800846010088e+00 3.4321008082066506e-01 4.1152704385557981e-01 1.0031336985912245e+02 9.3774404385117069e+00 2.3821582754549913e-02 1.1224791432591710e-02 -2.3459682945224204e-02 -3.2169371422491697e-02 -1.5822729872396071e-01 -1.3264754594339820e-01
